{
 "cells": [
  {
   "cell_type": "markdown",
   "metadata": {},
   "source": [
    "# Mixture Of Gaussian Implementation \n",
    "\n",
    "## Jaeho Kim (kjh3690@unist.ac.kr)"
   ]
  },
  {
   "cell_type": "code",
   "execution_count": 8,
   "metadata": {},
   "outputs": [],
   "source": [
    "import numpy as np\n",
    "import pandas as pd\n",
    "import matplotlib.pyplot as plt\n",
    "import os\n",
    "import sys\n",
    "from scipy.stats import multivariate_normal"
   ]
  },
  {
   "cell_type": "code",
   "execution_count": 9,
   "metadata": {},
   "outputs": [],
   "source": [
    "df= pd.read_csv('./faithful.csv',index_col=0)"
   ]
  },
  {
   "cell_type": "code",
   "execution_count": 10,
   "metadata": {},
   "outputs": [
    {
     "data": {
      "text/html": [
       "<div>\n",
       "<style scoped>\n",
       "    .dataframe tbody tr th:only-of-type {\n",
       "        vertical-align: middle;\n",
       "    }\n",
       "\n",
       "    .dataframe tbody tr th {\n",
       "        vertical-align: top;\n",
       "    }\n",
       "\n",
       "    .dataframe thead th {\n",
       "        text-align: right;\n",
       "    }\n",
       "</style>\n",
       "<table border=\"1\" class=\"dataframe\">\n",
       "  <thead>\n",
       "    <tr style=\"text-align: right;\">\n",
       "      <th></th>\n",
       "      <th>eruptions</th>\n",
       "      <th>waiting</th>\n",
       "    </tr>\n",
       "  </thead>\n",
       "  <tbody>\n",
       "    <tr>\n",
       "      <th>1</th>\n",
       "      <td>3.600</td>\n",
       "      <td>79</td>\n",
       "    </tr>\n",
       "    <tr>\n",
       "      <th>2</th>\n",
       "      <td>1.800</td>\n",
       "      <td>54</td>\n",
       "    </tr>\n",
       "    <tr>\n",
       "      <th>3</th>\n",
       "      <td>3.333</td>\n",
       "      <td>74</td>\n",
       "    </tr>\n",
       "    <tr>\n",
       "      <th>4</th>\n",
       "      <td>2.283</td>\n",
       "      <td>62</td>\n",
       "    </tr>\n",
       "    <tr>\n",
       "      <th>5</th>\n",
       "      <td>4.533</td>\n",
       "      <td>85</td>\n",
       "    </tr>\n",
       "  </tbody>\n",
       "</table>\n",
       "</div>"
      ],
      "text/plain": [
       "   eruptions  waiting\n",
       "1      3.600       79\n",
       "2      1.800       54\n",
       "3      3.333       74\n",
       "4      2.283       62\n",
       "5      4.533       85"
      ]
     },
     "execution_count": 10,
     "metadata": {},
     "output_type": "execute_result"
    }
   ],
   "source": [
    "df.head()"
   ]
  },
  {
   "cell_type": "code",
   "execution_count": 7,
   "metadata": {},
   "outputs": [
    {
     "ename": "NameError",
     "evalue": "name 'df_np' is not defined",
     "output_type": "error",
     "traceback": [
      "\u001b[0;31m---------------------------------------------------------------------------\u001b[0m",
      "\u001b[0;31mNameError\u001b[0m                                 Traceback (most recent call last)",
      "\u001b[0;32m<ipython-input-7-03b42cdf5a71>\u001b[0m in \u001b[0;36m<module>\u001b[0;34m\u001b[0m\n\u001b[0;32m----> 1\u001b[0;31m \u001b[0mnp\u001b[0m\u001b[0;34m.\u001b[0m\u001b[0mcov\u001b[0m\u001b[0;34m(\u001b[0m\u001b[0mdf_np\u001b[0m\u001b[0;34m.\u001b[0m\u001b[0mT\u001b[0m\u001b[0;34m)\u001b[0m\u001b[0;34m\u001b[0m\u001b[0;34m\u001b[0m\u001b[0m\n\u001b[0m",
      "\u001b[0;31mNameError\u001b[0m: name 'df_np' is not defined"
     ]
    }
   ],
   "source": [
    "np.cov(df_np.T)"
   ]
  },
  {
   "cell_type": "code",
   "execution_count": 14,
   "metadata": {},
   "outputs": [],
   "source": [
    "class MOG:\n",
    "    \"\"\" Implementation of PRML(Bishop) \"EM for Gaussian Mixtures\" pg 438,439\n",
    "    \"\"\"\n",
    "    def __init__(self,K,iteration=20):\n",
    "        \"\"\"\n",
    "        k = Number of clusters\n",
    "        n = Number of data points\n",
    "        d = Number of features\n",
    "        iteration = Number of Iterations of EM\n",
    "        \n",
    "        \n",
    "        X = n x d array, input data    \n",
    "        mu = k x d array, mean of cluster\n",
    "        cov = d x d x k array, covariance of cluster\n",
    "        mixing_coef = k x 1 array, mixing coefficient cluster\n",
    "        N_k = n x k array, effective number of points assigned to cluster k \n",
    "        responsibility_z = n x k array , responsibility P(X|Z)\n",
    "        \"\"\"\n",
    "        self.k= K\n",
    "        self.iteration= iteration\n",
    "        self.log_likelihood=[]\n",
    "        \n",
    "    def load_data(self,csv_path):\n",
    "        X= pd.read_csv(csv_path,index_col=0)\n",
    "        self.n,self.d= X.shape\n",
    "        self.X = np.array(X)\n",
    "        \n",
    "    def initialize(self):\n",
    "        self.initialize_mu()\n",
    "        # We initalize the cov matrix with covariance of X and add identity matrix to avoid singluarity error.\n",
    "        # If we initialize cov with np.ones or empty, singularity error will occur\n",
    "        self.cov= np.repeat(np.cov(self.X.T)+ 1e-7 * np.eye(self.d),self.k).reshape(self.d,self.d,self.k)\n",
    "        self.mixing_coef = np.empty([self.k,1])\n",
    "        self.responsibility_z = np.empty([self.n,self.k])\n",
    "    \n",
    "    def initialize_mu(self):\n",
    "        #Initialize mu with random point of data point\n",
    "        mu= np.empty([self.k, self.d])\n",
    "        for i in range(self.k):\n",
    "            random_row= np.random.randint(self.n)\n",
    "            mu[i]= self.X[random_row][:]\n",
    "        self.mu= mu\n",
    "        \n",
    "    def E_step(self):\n",
    "        log_likelihood= 0\n",
    "        for i in range(self.n):\n",
    "            sum_of_responsibility=0\n",
    "            for cluster in range(self.k):\n",
    "                self.responsibility_z[i,cluster]= self.mixing_coef[cluster] * (multivariate_normal.pdf(self.X[i],mean=self.mu[cluster],cov= self.cov[:,:,cluster]))\n",
    "                sum_of_responsibility+= self.responsibility_z[i,cluster]\n",
    "            log_likelihood+= np.log(sum_of_responsibility)\n",
    "            self.responsibility_z[i]= np.divide(self.responsibility_z[i],sum_of_responsibility)\n",
    "        self.N_k = np.sum(self.responsibility_z, axis=0)\n",
    "        print(\"Log Likelihood \",-log_likelihood)\n",
    "        self.log_likelihood.append(-log_likelihood)\n",
    "        \n",
    "    def M_step(self):\n",
    "\n",
    "        self.mu= np.matmul(self.responsibility_z.T,self.X) / self.N_k[:,None]\n",
    "        self.update_cov()\n",
    "        self.N_k= self.N_k/self.n\n",
    "\n",
    "    def classify(self,array_x):\n",
    "        assert array_x.shape[1] == self.d\n",
    "        predict_array=np.ones([array_x.shape[0],self.k])\n",
    "        for i in range(array_x.shape[0]):\n",
    "            sum_of_responsibility= 0\n",
    "            for cluster in range(self.k):\n",
    "                predict_array[i,cluster]= self.mixing_coef[cluster] * (multivariate_normal.pdf(array_x[i],mean=self.mu[cluster],cov= self.cov[:,:,cluster]))\n",
    "                sum_of_responsibility+= predict_array[i,cluster]\n",
    "            predict_array[i]= np.divide(predict_array[i],sum_of_responsibility)*100\n",
    "        print(\"Prediction Result\")\n",
    "        print(predict_array)\n",
    "\n",
    "    def update_cov(self):\n",
    "        for cluster in range(self.k):\n",
    "            cov_new = np.zeros((self.d,self.d,self.n))\n",
    "            for i in range(self.n):\n",
    "                #X_n- mu_k\n",
    "                vec=(self.X[i]-self.mu[cluster]).reshape(2,1)\n",
    "                cov_new[:,:,i]= self.responsibility_z[i,cluster] * np.matmul(vec,vec.T)\n",
    "            self.cov[:,:,cluster]= np.sum(cov_new,axis=2) / self.N_k[cluster]\n",
    "\n",
    "\n",
    "    def train(self,path):\n",
    "        self.load_data(path)\n",
    "        self.initialize()\n",
    "        print(\"Initial Mu is \")\n",
    "        print(self.mu)\n",
    "        print(\"=\"*40)\n",
    "        print(\" \")\n",
    "        for i in range(self.iteration):\n",
    "            self.E_step()\n",
    "            self.M_step()\n",
    "        print(\" \")\n",
    "        print(\"=\"*40)\n",
    "        print(\"Final Mu is\")\n",
    "        print(self.mu)\n",
    "        print(\"=\"*40)\n",
    "        plt.plot(self.log_likelihood)\n",
    "        plt.title(\"Log Likelihood loss\")\n",
    "        print(self.N_k)\n",
    "        print(\" \")\n",
    "        print(self.responsibility_z)\n",
    "        \n",
    "    "
   ]
  },
  {
   "cell_type": "code",
   "execution_count": 15,
   "metadata": {},
   "outputs": [],
   "source": [
    "model= MOG(3,5)"
   ]
  },
  {
   "cell_type": "code",
   "execution_count": 16,
   "metadata": {},
   "outputs": [
    {
     "name": "stdout",
     "output_type": "stream",
     "text": [
      "Initial Mu is \n",
      "[[ 4.167 81.   ]\n",
      " [ 1.7   59.   ]\n",
      " [ 1.833 46.   ]]\n",
      "========================================\n",
      " \n",
      "Log Likelihood  196662.07519085635\n",
      "Log Likelihood  196532.4502769582\n",
      "Log Likelihood  196484.49737970292\n",
      "Log Likelihood  196477.65071736413\n",
      "Log Likelihood  196476.44965842413\n",
      " \n",
      "========================================\n",
      "Final Mu is\n",
      "[[ 4.41371858 80.83259176]\n",
      " [ 2.57484521 65.40282148]\n",
      " [ 2.75340983 58.39619659]]\n",
      "========================================\n",
      "[0.47173416 0.27357655 0.25468929]\n",
      " \n",
      "[[1.67539361e-01 8.20014105e-01 1.24465339e-02]\n",
      " [0.00000000e+00 7.57323603e-01 2.42676397e-01]\n",
      " [1.00142912e-02 9.29591424e-01 6.03942849e-02]\n",
      " [0.00000000e+00 9.26784244e-01 7.32157562e-02]\n",
      " [9.61508664e-01 2.23499322e-02 1.61414039e-02]\n",
      " [7.85944744e-09 1.31265357e-02 9.86873456e-01]\n",
      " [9.44413562e-01 4.17734072e-02 1.38130308e-02]\n",
      " [1.71734997e-01 8.28176214e-01 8.87882944e-05]\n",
      " [0.00000000e+00 2.95023985e-01 7.04976015e-01]\n",
      " [9.35285449e-01 5.76214904e-02 7.09306100e-03]\n",
      " [0.00000000e+00 7.25301134e-01 2.74698866e-01]\n",
      " [6.15586048e-01 3.82615597e-01 1.79835559e-03]\n",
      " [8.89598517e-01 1.61365205e-02 9.42649625e-02]\n",
      " [0.00000000e+00 2.01146445e-01 7.98853555e-01]\n",
      " [9.41645510e-01 3.28938469e-03 5.50651049e-02]\n",
      " [0.00000000e+00 1.73228196e-01 8.26771804e-01]\n",
      " [0.00000000e+00 9.96736863e-01 3.26313654e-03]\n",
      " [9.30280173e-01 3.16186517e-03 6.65579618e-02]\n",
      " [0.00000000e+00 7.71945656e-01 2.28054344e-01]\n",
      " [9.17328049e-01 1.49057381e-02 6.77662132e-02]\n",
      " [0.00000000e+00 4.62414365e-01 5.37585635e-01]\n",
      " [0.00000000e+00 2.01146445e-01 7.98853555e-01]\n",
      " [4.61717187e-02 9.45199672e-01 8.62860947e-03]\n",
      " [1.40910699e-04 8.10367872e-01 1.89491217e-01]\n",
      " [8.46202111e-01 1.14017991e-04 1.53683871e-01]\n",
      " [1.67063401e-01 8.32433835e-01 5.02764278e-04]\n",
      " [0.00000000e+00 6.76464740e-01 3.23535260e-01]\n",
      " [7.81331454e-01 2.39332494e-02 1.94735297e-01]\n",
      " [6.36423417e-01 2.85181998e-01 7.83945853e-02]\n",
      " [9.19918696e-01 3.24530488e-03 7.68359990e-02]\n",
      " [7.33446128e-01 8.03666500e-04 2.65750205e-01]\n",
      " [8.82320865e-01 9.63124664e-04 1.16716010e-01]\n",
      " [9.79376349e-04 7.88437027e-02 9.20176921e-01]\n",
      " [8.53603214e-01 1.11217111e-01 3.51796748e-02]\n",
      " [4.27572831e-01 1.22102209e-01 4.50324960e-01]\n",
      " [0.00000000e+00 3.08208433e-01 6.91791567e-01]\n",
      " [0.00000000e+00 1.72985079e-01 8.27014921e-01]\n",
      " [8.87251926e-01 2.31854701e-04 1.12516220e-01]\n",
      " [0.00000000e+00 9.70441409e-01 2.95585914e-02]\n",
      " [9.03209476e-01 8.47819717e-02 1.20085524e-02]\n",
      " [9.37169624e-01 9.61663726e-03 5.32137389e-02]\n",
      " [0.00000000e+00 9.35484439e-01 6.45155615e-02]\n",
      " [9.61905506e-01 1.19406897e-02 2.61538038e-02]\n",
      " [0.00000000e+00 9.67716111e-01 3.22838890e-02]\n",
      " [8.38524781e-01 6.78548320e-05 1.61407364e-01]\n",
      " [2.46267186e-02 9.75325739e-01 4.75418864e-05]\n",
      " [2.82048497e-02 1.07947807e-03 9.70715672e-01]\n",
      " [0.00000000e+00 3.04833757e-01 6.95166243e-01]\n",
      " [9.41911686e-01 3.00783688e-03 5.50804776e-02]\n",
      " [0.00000000e+00 9.27789164e-01 7.22108362e-02]\n",
      " [8.90313615e-01 1.39206496e-05 1.09672464e-01]\n",
      " [8.93300084e-01 9.96421872e-02 7.05772837e-03]\n",
      " [0.00000000e+00 7.25301134e-01 2.74698866e-01]\n",
      " [8.87251926e-01 2.31854701e-04 1.12516220e-01]\n",
      " [0.00000000e+00 8.13885916e-01 1.86114084e-01]\n",
      " [8.95092907e-01 1.05584206e-03 1.03851251e-01]\n",
      " [1.14272233e-01 8.50286950e-02 8.00699072e-01]\n",
      " [0.00000000e+00 9.99445184e-01 5.54815986e-04]\n",
      " [8.84997927e-01 3.87510375e-04 1.14614562e-01]\n",
      " [9.46364055e-01 1.79798854e-02 3.56560591e-02]\n",
      " [0.00000000e+00 7.71520432e-01 2.28479568e-01]\n",
      " [9.62340685e-01 1.75207715e-02 2.01385435e-02]\n",
      " [0.00000000e+00 2.60787390e-01 7.39212610e-01]\n",
      " [9.10593380e-01 9.82591840e-04 8.84240277e-02]\n",
      " [0.00000000e+00 9.84394699e-01 1.56053015e-02]\n",
      " [6.61140348e-01 3.38709817e-01 1.49835071e-04]\n",
      " [8.84193221e-01 2.15827933e-02 9.42239858e-02]\n",
      " [8.91973996e-01 2.06875338e-04 1.07819129e-01]\n",
      " [0.00000000e+00 9.96664765e-01 3.33523478e-03]\n",
      " [8.85589349e-01 1.14645603e-05 1.14399186e-01]\n",
      " [8.23723510e-01 1.64939780e-01 1.13367102e-02]\n",
      " [0.00000000e+00 7.70118880e-01 2.29881120e-01]\n",
      " [9.16924808e-01 1.86544786e-03 8.12097442e-02]\n",
      " [3.54068619e-01 7.16396252e-03 6.38767418e-01]\n",
      " [0.00000000e+00 9.87266024e-01 1.27339757e-02]\n",
      " [8.88955582e-01 2.23607808e-06 1.11042182e-01]\n",
      " [0.00000000e+00 9.52621805e-01 4.73781948e-02]\n",
      " [8.98569080e-01 6.47804280e-04 1.00783116e-01]\n",
      " [6.31916518e-01 1.48220739e-01 2.19862743e-01]\n",
      " [1.67063401e-01 8.32433835e-01 5.02764278e-04]\n",
      " [7.45869485e-01 1.02246378e-02 2.43905877e-01]\n",
      " [9.51939991e-01 2.29662387e-02 2.50937703e-02]\n",
      " [4.06881968e-01 1.70575428e-03 5.91412278e-01]\n",
      " [5.82958803e-08 8.85006758e-01 1.14993183e-01]\n",
      " [5.67888559e-01 8.91744584e-03 4.23193995e-01]\n",
      " [9.17864465e-01 1.80584548e-02 6.40770804e-02]\n",
      " [7.00802840e-01 8.27286927e-02 2.16468468e-01]\n",
      " [9.30568189e-01 2.61117834e-03 6.68206332e-02]\n",
      " [0.00000000e+00 5.01302150e-02 9.49869785e-01]\n",
      " [6.58323004e-01 3.41036835e-01 6.40161436e-04]\n",
      " [0.00000000e+00 8.73724798e-01 1.26275202e-01]\n",
      " [7.53176518e-01 2.46473919e-01 3.49563230e-04]\n",
      " [0.00000000e+00 2.98414596e-01 7.01585404e-01]\n",
      " [8.83151072e-01 7.66906059e-05 1.16772237e-01]\n",
      " [0.00000000e+00 9.97150624e-01 2.84937565e-03]\n",
      " [6.99623086e-01 5.12025805e-04 2.99864888e-01]\n",
      " [9.54370826e-01 6.74764489e-03 3.88815292e-02]\n",
      " [3.81199336e-01 3.15637344e-01 3.03163320e-01]\n",
      " [0.00000000e+00 3.84424907e-01 6.15575093e-01]\n",
      " [8.81031766e-01 5.03434980e-04 1.18464799e-01]\n",
      " [1.21841776e-09 7.85954659e-01 2.14045340e-01]\n",
      " [8.64167903e-01 1.34253095e-01 1.57900165e-03]\n",
      " [0.00000000e+00 9.05097556e-02 9.09490244e-01]\n",
      " [9.60292456e-01 1.14367258e-02 2.82708186e-02]\n",
      " [8.56957741e-01 1.21881409e-01 2.11608503e-02]\n",
      " [0.00000000e+00 1.31207354e-01 8.68792646e-01]\n",
      " [9.50020509e-01 5.59102091e-03 4.43884697e-02]\n",
      " [0.00000000e+00 5.84673521e-01 4.15326479e-01]\n",
      " [9.33748834e-01 7.78703597e-03 5.84641302e-02]\n",
      " [2.79957020e-01 7.15366892e-01 4.67608783e-03]\n",
      " [8.83764708e-01 2.67264711e-05 1.16208566e-01]\n",
      " [0.00000000e+00 6.95668837e-01 3.04331163e-01]\n",
      " [9.23159085e-01 3.64062507e-02 4.04346648e-02]\n",
      " [9.20404246e-01 3.70573227e-03 7.58900217e-02]\n",
      " [0.00000000e+00 9.85611321e-01 1.43886788e-02]\n",
      " [9.30985831e-01 1.79790202e-03 6.72162667e-02]\n",
      " [0.00000000e+00 4.61241466e-02 9.53875853e-01]\n",
      " [9.62300672e-01 1.57923948e-02 2.19069331e-02]\n",
      " [0.00000000e+00 9.72890852e-01 2.71091478e-02]\n",
      " [9.14517599e-01 8.17777109e-02 3.70468981e-03]\n",
      " [0.00000000e+00 2.77450673e-02 9.72254933e-01]\n",
      " [3.17208255e-01 1.49551100e-03 6.81296234e-01]\n",
      " [8.66011007e-01 7.11300617e-03 1.26875987e-01]\n",
      " [0.00000000e+00 7.70118880e-01 2.29881120e-01]\n",
      " [9.33352367e-01 5.94755982e-02 7.17203527e-03]\n",
      " [4.30877335e-01 5.61403293e-01 7.71937175e-03]\n",
      " [0.00000000e+00 6.33029614e-02 9.36697039e-01]\n",
      " [9.54130785e-01 7.38185497e-03 3.84873601e-02]\n",
      " [0.00000000e+00 2.96390307e-01 7.03609693e-01]\n",
      " [8.79058065e-01 1.16752701e-01 4.18923322e-03]\n",
      " [0.00000000e+00 7.70301505e-02 9.22969849e-01]\n",
      " [8.99637438e-01 9.05984470e-02 9.76411463e-03]\n",
      " [3.87371539e-09 3.07031346e-02 9.69296862e-01]\n",
      " [8.04584950e-01 1.94736467e-01 6.78582983e-04]\n",
      " [0.00000000e+00 1.13995046e-01 8.86004954e-01]\n",
      " [9.55192222e-01 1.63441801e-02 2.84635975e-02]\n",
      " [0.00000000e+00 3.66407542e-01 6.33592458e-01]\n",
      " [9.04184371e-01 5.24639610e-03 9.05692328e-02]\n",
      " [0.00000000e+00 3.81827153e-01 6.18172847e-01]\n",
      " [3.93899654e-01 5.78465768e-01 2.76345774e-02]\n",
      " [9.36258795e-01 3.32416581e-02 3.04995473e-02]\n",
      " [0.00000000e+00 8.50667171e-01 1.49332829e-01]\n",
      " [9.52097218e-01 5.90383775e-03 4.19989444e-02]\n",
      " [8.83424032e-01 4.12639668e-05 1.16534704e-01]\n",
      " [8.45601464e-01 2.15648081e-03 1.52242056e-01]\n",
      " [0.00000000e+00 9.33977987e-01 6.60220127e-02]\n",
      " [9.19135541e-01 1.06602398e-03 7.97984349e-02]\n",
      " [0.00000000e+00 1.28284482e-01 8.71715518e-01]\n",
      " [3.10040866e-01 6.77394259e-01 1.25648744e-02]\n",
      " [0.00000000e+00 6.65755908e-01 3.34244092e-01]\n",
      " [8.72978062e-01 6.21560155e-06 1.27015722e-01]\n",
      " [7.87059392e-01 7.02717659e-02 1.42668843e-01]\n",
      " [1.24537944e-09 9.72610713e-01 2.73892855e-02]\n",
      " [9.35115945e-01 2.28170601e-03 6.26023490e-02]\n",
      " [4.67987091e-02 2.43440105e-01 7.09761186e-01]\n",
      " [2.91722531e-01 4.49815266e-03 7.03779316e-01]\n",
      " [9.44446450e-01 4.71389539e-03 5.08396550e-02]\n",
      " [4.58348956e-01 5.41647553e-01 3.49132288e-06]\n",
      " [0.00000000e+00 6.65755908e-01 3.34244092e-01]\n",
      " [5.17256668e-01 4.82698312e-01 4.50200708e-05]\n",
      " [0.00000000e+00 1.95216354e-02 9.80478365e-01]\n",
      " [8.07424750e-01 1.91072285e-01 1.50296489e-03]\n",
      " [0.00000000e+00 8.83574213e-01 1.16425787e-01]\n",
      " [6.06040055e-01 3.18376319e-01 7.55836259e-02]\n",
      " [3.14419504e-03 3.17392697e-02 9.65116535e-01]\n",
      " [8.73938063e-01 1.98073571e-04 1.25863863e-01]\n",
      " [2.19870760e-10 9.30177142e-01 6.98228581e-02]\n",
      " [8.87323908e-01 1.39756378e-02 9.87004542e-02]\n",
      " [0.00000000e+00 4.03281687e-01 5.96718313e-01]\n",
      " [6.57213008e-01 3.42216071e-01 5.70921726e-04]\n",
      " [0.00000000e+00 1.89964006e-01 8.10035994e-01]\n",
      " [0.00000000e+00 7.43398247e-01 2.56601753e-01]\n",
      " [8.85234594e-01 3.35232504e-04 1.14430174e-01]\n",
      " [1.92965545e-03 2.50438580e-01 7.47631765e-01]\n",
      " [9.19435288e-01 5.36315702e-02 2.69331416e-02]\n",
      " [9.47269452e-01 1.59896801e-02 3.67408675e-02]\n",
      " [8.26777257e-01 9.64344939e-05 1.73126308e-01]\n",
      " [0.00000000e+00 2.85112169e-02 9.71488783e-01]\n",
      " [6.94427439e-01 3.04231053e-01 1.34150741e-03]\n",
      " [7.04721707e-01 4.88567545e-03 2.90392618e-01]\n",
      " [0.00000000e+00 7.64352957e-01 2.35647043e-01]\n",
      " [8.85234594e-01 3.35232504e-04 1.14430174e-01]\n",
      " [9.32663769e-01 5.45731654e-02 1.27630661e-02]\n",
      " [3.95395907e-01 6.02960006e-01 1.64408656e-03]\n",
      " [0.00000000e+00 2.18325518e-01 7.81674482e-01]\n",
      " [9.01391410e-01 2.07567729e-03 9.65329130e-02]\n",
      " [8.16846389e-01 1.79202865e-01 3.95074557e-03]\n",
      " [0.00000000e+00 1.13995046e-01 8.86004954e-01]\n",
      " [9.59113373e-01 1.92377528e-02 2.16488745e-02]\n",
      " [0.00000000e+00 3.98762044e-01 6.01237956e-01]\n",
      " [9.01436357e-01 5.42402558e-04 9.80212401e-02]\n",
      " [0.00000000e+00 9.18702592e-01 8.12974080e-02]\n",
      " [8.85812769e-01 2.58942326e-05 1.14161337e-01]\n",
      " [8.31519386e-01 1.64235043e-01 4.24557147e-03]\n",
      " [7.62076590e-01 9.46000303e-02 1.43323380e-01]\n",
      " [9.36258795e-01 3.32416581e-02 3.04995473e-02]\n",
      " [1.14925618e-01 8.85068259e-01 6.12356212e-06]\n",
      " [8.77055785e-01 2.43427590e-03 1.20509939e-01]\n",
      " [0.00000000e+00 8.69302365e-02 9.13069764e-01]\n",
      " [8.93942235e-01 2.74236736e-04 1.05783528e-01]\n",
      " [0.00000000e+00 9.25508931e-01 7.44910688e-02]\n",
      " [9.53352713e-01 2.04586025e-02 2.61886842e-02]\n",
      " [5.73592560e-01 4.26375667e-01 3.17730916e-05]\n",
      " [0.00000000e+00 5.87983263e-01 4.12016737e-01]\n",
      " [8.97264959e-01 4.87367410e-04 1.02247673e-01]\n",
      " [0.00000000e+00 1.37398509e-01 8.62601491e-01]\n",
      " [8.77123888e-01 2.41194882e-03 1.20464163e-01]\n",
      " [5.11134168e-01 4.87631929e-01 1.23390319e-03]\n",
      " [0.00000000e+00 1.78813857e-01 8.21186143e-01]\n",
      " [9.60292456e-01 1.14367258e-02 2.82708186e-02]\n",
      " [1.75866075e-08 9.99556601e-01 4.43381824e-04]\n",
      " [9.10286152e-01 6.37860999e-04 8.90759870e-02]\n",
      " [0.00000000e+00 2.28031172e-01 7.71968828e-01]\n",
      " [5.05347894e-01 1.69827098e-01 3.24825007e-01]\n",
      " [6.01575583e-04 2.09923811e-02 9.78406043e-01]\n",
      " [8.26857922e-01 5.65513621e-03 1.67486942e-01]\n",
      " [0.00000000e+00 8.38868043e-02 9.16113196e-01]\n",
      " [5.88926341e-01 4.09195506e-01 1.87815306e-03]\n",
      " [0.00000000e+00 6.37360503e-01 3.62639497e-01]\n",
      " [8.05288011e-01 1.25894682e-02 1.82122520e-01]\n",
      " [0.00000000e+00 2.98414596e-01 7.01585404e-01]\n",
      " [9.42787684e-01 3.59405908e-02 2.12717255e-02]\n",
      " [0.00000000e+00 8.00608421e-01 1.99391579e-01]\n",
      " [8.47939869e-01 3.13291091e-04 1.51746840e-01]\n",
      " [8.16797725e-01 9.11567246e-02 9.20455500e-02]\n",
      " [8.92597552e-01 4.49887880e-02 6.24136600e-02]\n",
      " [8.61161189e-01 4.49880104e-02 9.38508005e-02]\n",
      " [8.96628726e-01 8.93205760e-03 9.44392168e-02]\n",
      " [2.09849506e-01 9.61343894e-03 7.80537056e-01]\n",
      " [9.13806102e-01 1.23660176e-03 8.49572961e-02]\n",
      " [3.86447204e-01 2.02009980e-03 6.11532696e-01]\n",
      " [0.00000000e+00 1.09784776e-01 8.90215224e-01]\n",
      " [8.31972329e-01 1.66232381e-01 1.79529015e-03]\n",
      " [0.00000000e+00 7.33907482e-02 9.26609252e-01]\n",
      " [8.11143325e-01 1.87984186e-01 8.72489754e-04]\n",
      " [0.00000000e+00 6.71821471e-01 3.28178529e-01]\n",
      " [0.00000000e+00 7.07765062e-01 2.92234938e-01]\n",
      " [8.69898554e-01 5.24001448e-03 1.24861431e-01]\n",
      " [7.79831906e-01 1.67151495e-01 5.30165988e-02]\n",
      " [2.48720846e-10 9.67495880e-01 3.25041193e-02]\n",
      " [7.53252017e-01 8.63800159e-03 2.38109981e-01]\n",
      " [0.00000000e+00 1.65338002e-02 9.83466200e-01]\n",
      " [9.04184371e-01 5.24639610e-03 9.05692328e-02]\n",
      " [1.13676336e-06 3.01568614e-01 6.98430249e-01]\n",
      " [9.62486079e-01 1.72464392e-02 2.02674821e-02]\n",
      " [5.33469749e-01 4.61365115e-01 5.16513589e-03]\n",
      " [0.00000000e+00 7.43398247e-01 2.56601753e-01]\n",
      " [9.54441048e-01 1.82240385e-02 2.73349138e-02]\n",
      " [0.00000000e+00 9.98643242e-01 1.35675763e-03]\n",
      " [7.89177803e-01 7.49518282e-04 2.10072678e-01]\n",
      " [0.00000000e+00 2.82700423e-01 7.17299577e-01]\n",
      " [9.60299563e-01 1.56425626e-02 2.40578742e-02]\n",
      " [8.70933766e-02 5.01599490e-01 4.11307134e-01]\n",
      " [8.26777257e-01 9.64344939e-05 1.73126308e-01]\n",
      " [7.27044069e-01 2.72578384e-01 3.77546821e-04]\n",
      " [5.50003437e-01 4.29981061e-01 2.00155025e-02]\n",
      " [2.69727029e-01 1.55733485e-02 7.14699623e-01]\n",
      " [9.60299563e-01 1.56425626e-02 2.40578742e-02]\n",
      " [0.00000000e+00 7.37318397e-01 2.62681603e-01]\n",
      " [9.19516308e-01 1.13148791e-02 6.91688125e-02]\n",
      " [8.87284951e-01 1.17041523e-04 1.12598007e-01]\n",
      " [9.62600281e-01 1.45041884e-02 2.28955309e-02]\n",
      " [0.00000000e+00 9.45592774e-01 5.44072260e-02]\n",
      " [9.32663769e-01 5.45731654e-02 1.27630661e-02]\n",
      " [0.00000000e+00 3.02482274e-02 9.69751773e-01]\n",
      " [0.00000000e+00 8.37455766e-01 1.62544234e-01]\n",
      " [8.85528760e-01 2.26423341e-05 1.14448598e-01]\n",
      " [8.98973679e-01 7.66133992e-02 2.44129216e-02]\n",
      " [0.00000000e+00 3.11191445e-02 9.68880856e-01]\n",
      " [7.96230746e-01 2.03095097e-01 6.74157232e-04]\n",
      " [0.00000000e+00 1.21096459e-01 8.78903541e-01]\n",
      " [8.28205845e-01 2.24781846e-04 1.71569374e-01]]\n"
     ]
    },
    {
     "data": {
